id	num	neg|score	neg|p-value	neg|fdr	neg|rank	neg|goodsgrna	neg|lfc	pos|score	pos|p-value	pos|fdr	pos|rank	pos|goodsgrna	pos|lfc
Stk11	4	1.0	1.0	1.0	713	0	0	7.6318e-10	4.9316e-06	0.000503	1	4	0.59226
Trrap	4	1.0	1.0	1.0	712	0	0	2.4355e-09	4.9316e-06	0.000503	2	4	1.0773
Gsk3b	4	1.0	1.0	1.0	711	0	0	1.0014e-08	4.9316e-06	0.000503	3	4	0.52737
Oxsr1	4	1.0	1.0	1.0	710	0	0	8.5994e-08	4.9316e-06	0.000503	4	4	0.54208
Nrbp1	4	1.0	1.0	1.0	709	0	0	1.4453e-07	4.9316e-06	0.000503	5	4	0.53884
Brd2	4	0.70763	0.5783	0.887968	452	1	-0.12339	1.7664e-06	4.9316e-06	0.000503	6	3	0.75539
Tlk2	4	0.99994	0.99981	1.0	707	0	0	5.3098e-06	4.9316e-06	0.000503	7	4	0.44069
Bmpr1a	4	0.99994	0.99981	1.0	706	0	0	2.2268e-05	2.4658e-05	0.002201	8	4	0.40849
Clk1	4	0.99995	0.9999	1.0	708	0	0	5.042e-05	0.00015288	0.012128	9	4	0.33446
Prkar1a	4	0.99982	0.99966	1.0	704	0	0	7.117e-05	0.00025151	0.017958	10	4	0.43535
Baz1b	4	0.99988	0.99977	1.0	705	0	0	0.00012449	0.0002811	0.018246	11	4	0.29611
Wnk1	4	0.92099	0.92084	1.0	630	0	0	0.00097908	0.0013167	0.078345	12	3	0.31975
Rps6kb1	4	0.99898	0.99862	1.0	703	0	0	0.001016	0.001583	0.086945	13	4	0.23031
Calm3	4	0.99865	0.99839	1.0	702	0	0	0.0013522	0.0021452	0.109406	14	4	0.17285
Vrk1	4	0.92858	0.92678	1.0	632	0	0	0.0014553	0.0025102	0.119484	15	3	0.28479
Tlk1	4	0.95294	0.94734	1.0	652	0	0	0.0015234	0.0031907	0.142386	16	3	0.35191
Card11	4	0.99814	0.99813	1.0	701	0	0	0.0018609	0.0040094	0.168393	17	4	0.21209
Prkaa1	4	0.95857	0.95636	1.0	660	0	0	0.0021466	0.005114	0.19255	18	3	0.43231
Trpm6	4	0.99751	0.9978	1.0	700	0	0	0.0024861	0.0051239	0.19255	19	4	0.20247
Mapk14	4	0.99441	0.99682	1.0	697	0	0	0.0029689	0.0084379	0.286888	20	4	0.19694
Camk4	4	0.60863	0.44063	0.792466	397	1	-0.11536	0.0031305	0.0084379	0.286888	21	3	0.2489
Insrr	4	0.41824	0.26135	0.575954	314	1	-0.17099	0.0047401	0.010026	0.298269	22	2	0.46624
Tjp2	4	0.99519	0.99732	1.0	699	0	0	0.0048069	0.010026	0.298269	23	4	0.18952
Mark2	4	0.951	0.94734	1.0	650	0	0	0.0048507	0.010026	0.298269	24	3	0.27413
Ak3	4	0.99443	0.99682	1.0	698	0	0	0.0055663	0.01046	0.298614	25	4	0.22993
Prkg1	4	0.98803	0.989	1.0	688	0	0	0.0058673	0.011781	0.298614	26	3	0.24868
Stk19	4	0.77347	0.65505	0.926154	502	0	0	0.0070493	0.012225	0.298614	27	2	0.3729
Bmpr2	4	0.99237	0.99544	1.0	696	0	0	0.0076273	0.012965	0.298614	28	4	0.15715
Itpk1	4	0.99227	0.99544	1.0	695	0	0	0.0077329	0.012965	0.298614	29	4	0.15626
Erbb3	4	0.89753	0.88469	1.0	608	0	0	0.0077606	0.012965	0.298614	30	3	0.25655
Brsk1	4	0.98302	0.98451	1.0	683	0	0	0.0078685	0.012965	0.298614	31	3	0.28569
Stk33	4	0.67273	0.53866	0.887968	428	1	-0.12593	0.0095274	0.015401	0.33344	32	3	0.23884
Prkar1b	4	0.22885	0.12962	0.442836	208	1	-0.26185	0.0098675	0.015411	0.33344	33	3	0.20902
Pak4	4	0.94677	0.93228	1.0	648	0	0	0.01277	0.018646	0.360011	34	3	0.25375
Lrrk1	4	0.97699	0.97818	1.0	679	0	0	0.013302	0.018656	0.360011	35	3	0.28481
Axl	4	0.41643	0.26135	0.575954	312	1	-0.27812	0.013482	0.018656	0.360011	36	3	0.22086
Ntrk3	4	0.84529	0.82782	1.0	565	0	0	0.014388	0.018656	0.360011	37	3	0.2803
Papss2	4	0.87866	0.86789	1.0	589	0	0	0.016204	0.023459	0.429668	38	3	0.30352
Pik3c2a	4	0.95968	0.9601	1.0	662	0	0	0.017065	0.023469	0.429668	39	3	0.25157
Dyrk1a	4	0.83952	0.79197	1.0	560	0	0	0.018335	0.026221	0.468046	40	2	0.29209
Lmtk2	4	0.8098	0.72196	0.963532	530	0	0	0.020467	0.029801	0.51898	41	2	0.35872
Nrk	4	0.54011	0.38101	0.745204	360	1	-0.16905	0.022193	0.036262	0.602276	42	2	0.40925
Pik3cb	4	0.63479	0.49975	0.857758	409	1	-0.15406	0.023526	0.036272	0.602276	43	1	0.52942
Ddr1	4	0.96979	0.97334	1.0	670	0	0	0.024569	0.039872	0.605859	44	3	0.33881
Eif2ak4	4	0.98675	0.98899	1.0	686	0	0	0.024858	0.039872	0.605859	45	1	0.52345
Nmrk1	4	0.10605	0.041095	0.229286	119	1	-0.39931	0.025502	0.039881	0.605859	46	3	0.24175
Mapkapk2	4	0.98768	0.989	1.0	687	0	0	0.025526	0.039881	0.605859	47	3	0.23753
Cdk19	4	0.84959	0.84828	1.0	570	0	0	0.026745	0.04362	0.623028	48	2	0.2666
Pdxk	4	0.80626	0.70644	0.957112	527	0	0	0.026992	0.04362	0.623028	49	2	0.37174
Nme3	4	0.98346	0.98618	1.0	684	0	0	0.028081	0.043629	0.623028	50	3	0.21021
Matk	4	0.98902	0.99256	1.0	689	0	0	0.029979	0.04794	0.671154	51	3	0.14805
N4bp2	4	0.93208	0.92678	1.0	637	0	0	0.031524	0.052901	0.726368	52	3	0.21742
Atmin	4	0.95844	0.95636	1.0	659	0	0	0.031874	0.058848	0.732767	53	3	0.25037
Ttbk2	4	0.42004	0.26135	0.575954	315	1	-0.19164	0.035419	0.068978	0.732767	54	3	0.23219
Cerk	4	0.94082	0.92679	1.0	646	0	0	0.035984	0.068978	0.732767	55	3	0.37767
Map2k6	4	0.87328	0.86789	1.0	585	0	0	0.038351	0.068987	0.732767	56	3	0.26752
Pim3	4	0.96423	0.97041	1.0	665	0	0	0.038836	0.068987	0.732767	57	3	0.23168
Uck2	4	0.29367	0.17081	0.474557	253	1	-0.24256	0.039127	0.068987	0.732767	58	2	0.27434
Camkv	4	0.57183	0.40078	0.745204	379	1	-0.15081	0.039651	0.068987	0.732767	59	3	0.2078
Map3k5	4	0.9796	0.98056	1.0	682	0	0	0.040477	0.068987	0.732767	60	3	0.18045
Pak2	4	0.40915	0.26135	0.575954	311	1	-0.24949	0.040733	0.076178	0.732767	61	2	0.35365
Ttbk1	4	0.8689	0.86788	1.0	581	0	0	0.041145	0.076178	0.732767	62	3	0.17361
Brdt	4	0.69945	0.57829	0.887968	446	1	-0.10941	0.042047	0.076178	0.732767	63	2	0.30067
Acvr1	4	0.42094	0.26136	0.575954	316	1	-0.16897	0.042846	0.076178	0.732767	64	3	0.20494
Gsk3a	4	0.97691	0.97818	1.0	678	0	0	0.043711	0.076188	0.732767	65	3	0.18743
Hk2	4	0.49458	0.30104	0.626648	343	1	-0.21175	0.044236	0.076188	0.732767	66	3	0.21647
Sh3bp5l	4	0.95641	0.95208	1.0	657	0	0	0.046012	0.083753	0.732767	67	3	0.18872
Cdk14	4	0.3981	0.26135	0.575954	305	1	-0.18992	0.047289	0.083753	0.732767	68	2	0.27401
Acvrl1	4	0.70055	0.57829	0.887968	447	1	-0.093516	0.047328	0.083753	0.732767	69	2	0.20875
Wnk2	4	0.28211	0.17081	0.474557	244	1	-0.2415	0.047463	0.083753	0.732767	70	3	0.3956
Camkk2	4	0.30837	0.20171	0.521828	265	2	-0.14385	0.048597	0.083753	0.732767	71	1	0.47245
Tyro3	4	0.75036	0.63624	0.926154	484	0	0	0.048919	0.083753	0.732767	72	2	0.26657
Aurkc	4	0.96378	0.9704	1.0	664	0	0	0.050448	0.083762	0.732767	73	3	0.19079
Srms	4	0.73166	0.61721	0.920029	473	1	-0.092197	0.05102	0.083762	0.732767	74	3	0.14441
Xrcc6bp1	4	0.66801	0.53866	0.887968	424	1	-0.12054	0.051207	0.083762	0.732767	75	2	0.26876
Chuk	4	0.30096	0.18628	0.507674	258	1	-0.25791	0.051403	0.083762	0.732767	76	3	0.1869
Pkd2	4	0.97493	0.97817	1.0	677	0	0	0.052168	0.083762	0.732767	77	3	0.22984
Jak2	4	0.88535	0.86789	1.0	595	0	0	0.052498	0.083762	0.732767	78	2	0.30404
Hipk4	4	0.93561	0.92679	1.0	642	0	0	0.052828	0.083762	0.732767	79	2	0.26584
Irak3	4	0.86592	0.86788	1.0	580	0	0	0.053492	0.083762	0.732767	80	3	0.23518
Igfn1	4	0.39345	0.2409	0.565801	302	1	-0.2089	0.053813	0.083762	0.732767	81	2	0.26555
Mlkl	4	0.54087	0.38101	0.745204	361	1	-0.17539	0.055113	0.087224	0.732767	82	2	0.29231
Prkab1	4	0.95781	0.95635	1.0	658	0	0	0.055167	0.087224	0.732767	83	3	0.28566
Aldh18a1	4	0.77524	0.65505	0.926154	503	0	0	0.056546	0.087224	0.732767	84	3	0.12891
Map3k15	4	0.51381	0.34093	0.689612	346	1	-0.17465	0.057547	0.087234	0.732767	85	2	0.23508
Grk5	4	0.97458	0.97817	1.0	676	0	0	0.059437	0.095864	0.752244	86	3	0.23523
Alk	4	0.55137	0.40077	0.745204	367	1	-0.18018	0.059647	0.095864	0.752244	87	3	0.17401
Pip5k1a	4	0.51223	0.34093	0.689612	345	1	-0.164	0.060317	0.095864	0.752244	88	2	0.25923
Bmx	4	0.17237	0.070723	0.305607	161	2	-0.16935	0.060667	0.095874	0.752244	89	2	0.24132
Pik3c2b	4	0.84696	0.83856	1.0	567	0	0	0.060703	0.095874	0.752244	90	3	0.15192
Mapk12	4	0.22438	0.11782	0.410357	204	1	-0.27111	0.060915	0.095874	0.752244	91	3	0.13556
Pank1	4	0.96683	0.97334	1.0	668	0	0	0.061723	0.1219	0.874456	92	2	0.25919
Vrk2	4	0.93422	0.92679	1.0	641	0	0	0.062631	0.1219	0.874456	93	3	0.18943
Khk	4	0.98987	0.99364	1.0	693	0	0	0.062847	0.12191	0.874456	94	3	0.11502
Camk2b	4	0.78908	0.68966	0.945156	515	0	0	0.063855	0.12548	0.874456	95	2	0.26398
Scyl1	4	0.82385	0.76517	1.0	544	0	0	0.06418	0.12548	0.874456	96	2	0.32207
Fn3k	4	0.91581	0.91451	1.0	625	0	0	0.065257	0.12548	0.874456	97	3	0.18206
Strada	4	0.45354	0.28171	0.61512	327	1	-0.17828	0.067044	0.12549	0.874456	98	3	0.20181
Acvr2b	4	0.63543	0.49976	0.857758	410	1	-0.11987	0.067722	0.12549	0.874456	99	3	0.118
Pip4k2c	4	0.99081	0.99472	1.0	694	0	0	0.068046	0.13389	0.874456	100	3	0.23379
Chka	4	0.98925	0.99256	1.0	690	0	0	0.069548	0.1339	0.874456	101	3	0.12307
Mark3	4	0.97326	0.97334	1.0	674	0	0	0.071549	0.13765	0.874456	102	2	0.25008
Ipmk	4	0.81597	0.72197	0.963532	534	0	0	0.071871	0.13765	0.874456	103	3	0.14393
Pdk2	4	0.78866	0.68966	0.945156	514	0	0	0.07234	0.13765	0.874456	104	3	0.17753
Fgfrl1	4	0.45268	0.28171	0.61512	326	1	-0.17843	0.073523	0.13766	0.874456	105	3	0.18076
Ccl2	4	0.33655	0.24089	0.565801	281	1	-0.20322	0.074191	0.13766	0.874456	106	2	0.22442
Camk1g	4	0.42543	0.26136	0.575954	317	1	-0.21849	0.074953	0.13766	0.874456	107	2	0.24642
Mex3b	4	0.97217	0.97334	1.0	673	0	0	0.074958	0.13766	0.874456	108	3	0.12627
Stkld1	4	0.31638	0.20172	0.521828	273	1	-0.23347	0.076895	0.1419	0.874456	109	3	0.11183
Stk17b	4	0.89047	0.88468	1.0	603	0	0	0.078296	0.1419	0.874456	110	1	0.48655
Myt1	4	0.98961	0.99257	1.0	692	0	0	0.078367	0.1419	0.874456	111	3	0.17283
Stk32b	4	0.94707	0.93228	1.0	649	0	0	0.079198	0.1419	0.874456	112	2	0.17243
Ksr2	4	0.5825	0.40078	0.745204	383	1	-0.11173	0.079571	0.1419	0.874456	113	2	0.31687
Cdk13	4	0.8943	0.88468	1.0	607	0	0	0.081158	0.14191	0.874456	114	2	0.22533
Exosc10	4	0.7537	0.63624	0.926154	488	0	0	0.08274	0.14191	0.874456	115	2	0.22497
Prkag2	4	0.85856	0.85844	1.0	577	0	0	0.083905	0.16655	0.874456	116	3	0.21007
Trio	4	0.9156	0.91451	1.0	624	0	0	0.084333	0.16655	0.874456	117	2	0.20878
Epha4	4	0.71563	0.5783	0.887968	461	1	-0.12927	0.084659	0.16655	0.874456	118	2	0.28647
Dgkq	4	0.302	0.18628	0.507674	259	1	-0.32599	0.084936	0.16655	0.874456	119	3	0.51484
Mertk	4	0.18482	0.078318	0.305607	173	2	-0.15974	0.085927	0.16655	0.874456	120	1	0.45559
Pdk1	4	0.90517	0.90017	1.0	613	0	0	0.086495	0.16655	0.874456	121	3	0.12944
Map3k4	4	0.29053	0.17081	0.474557	249	1	-0.33953	0.086757	0.16655	0.874456	122	3	0.18363
Mst1r	4	0.81938	0.75069	0.992573	540	0	0	0.087149	0.16655	0.874456	123	2	0.27379
Alpk3	4	0.62057	0.47986	0.848095	402	1	-0.13281	0.087807	0.16655	0.874456	124	3	0.14483
Bub1	4	0.84828	0.84828	1.0	568	0	0	0.088367	0.16655	0.874456	125	2	0.35268
Mpp4	4	0.72244	0.59752	0.909659	468	1	-0.098702	0.089725	0.16655	0.874456	126	1	0.36826
Bmp2k	4	0.25638	0.14229	0.447555	227	1	-0.27174	0.090989	0.16655	0.874456	127	1	0.52772
Pip4k2b	4	0.83883	0.79197	1.0	558	0	0	0.093718	0.16655	0.874456	128	2	0.21452
Ephb3	4	0.71931	0.5783	0.887968	465	1	-0.1083	0.096029	0.16656	0.874456	129	2	0.25484
Tbk1	4	0.59983	0.41973	0.760626	390	1	-0.16747	0.098339	0.16656	0.874456	130	2	0.22361
Cdk12	4	0.35627	0.24089	0.565801	290	1	-0.30486	0.098542	0.16656	0.874456	131	2	0.3137
Phkg1	4	0.30303	0.18628	0.507674	260	1	-0.23278	0.10218	0.16656	0.874456	132	2	0.24887
Prkag1	4	0.83395	0.79196	1.0	551	0	0	0.1023	0.16656	0.874456	133	1	0.34945
Jak1	4	0.27856	0.1708	0.474557	241	2	-0.11617	0.10355	0.16656	0.874456	134	1	0.35672
Pkd1	4	0.96725	0.97334	1.0	669	0	0	0.1048	0.16656	0.874456	135	2	0.23796
Pik3r5	4	0.76027	0.65504	0.926154	494	0	0	0.10564	0.16656	0.874456	136	2	0.23118
Sephs2	4	0.13924	0.05009	0.253646	140	2	-0.33237	0.10739	0.17437	0.886348	137	2	0.23897
Mapk15	4	0.91496	0.91451	1.0	623	0	0	0.10854	0.18372	0.886348	138	1	0.36372
Dgki	4	0.8343	0.79196	1.0	552	0	0	0.1087	0.18372	0.886348	139	2	0.19401
Stk32c	4	0.79903	0.70643	0.957112	523	0	0	0.11227	0.18372	0.886348	140	2	0.23672
Fgr	4	0.96566	0.97334	1.0	667	0	0	0.11269	0.18372	0.886348	141	2	0.17782
Rps6kc1	4	0.38784	0.2409	0.565801	299	1	-0.21199	0.11474	0.18372	0.886348	142	1	0.38612
Dclk3	4	0.90632	0.90739	1.0	614	0	0	0.11808	0.18372	0.886348	143	2	0.23574
Sbk3	4	0.47058	0.30103	0.626648	332	1	-0.22146	0.11845	0.18372	0.886348	144	1	0.31559
Adck3	4	0.86135	0.86788	1.0	578	0	0	0.12127	0.18372	0.886348	145	2	0.18296
Csnk1e	4	0.81863	0.73644	0.975548	539	0	0	0.12215	0.18372	0.886348	146	1	0.32655
Map4k4	4	0.88944	0.87673	1.0	601	0	0	0.12461	0.18372	0.886348	147	1	0.35302
Mastl	4	0.88225	0.86789	1.0	592	0	0	0.12495	0.18372	0.886348	148	2	0.23864
Map3k8	4	0.20286	0.096387	0.362213	190	1	-0.26121	0.12583	0.19292	0.88815	149	1	0.33345
Map3k2	4	0.88761	0.87672	1.0	597	0	0	0.12706	0.19292	0.88815	150	1	0.37857
Dstyk	4	0.93025	0.92678	1.0	636	0	0	0.12828	0.19293	0.88815	151	1	0.37384
Sbk2	4	0.82895	0.7791	1.0	547	0	0	0.12866	0.19293	0.88815	152	2	0.18963
Epha6	4	0.55655	0.40077	0.745204	371	1	-0.15348	0.13336	0.20296	0.88815	153	2	0.18807
Rps6kb2	4	0.97056	0.97334	1.0	672	0	0	0.13383	0.20296	0.88815	154	2	0.15403
Aurka	4	0.44922	0.2817	0.61512	325	1	-0.37627	0.13431	0.20297	0.88815	155	2	0.27658
Srpk2	4	0.8378	0.79197	1.0	557	0	0	0.13439	0.20297	0.88815	156	1	0.36661
Map3k11	4	0.7844	0.68966	0.945156	510	0	0	0.1356	0.20297	0.88815	157	2	0.21307
Dmpk	4	0.68829	0.57829	0.887968	438	1	-0.11127	0.13668	0.20297	0.88815	158	2	0.17739
Nadk	4	0.53326	0.36073	0.719461	356	1	-0.19711	0.13682	0.20297	0.88815	159	1	0.2973
Pik3cg	4	0.97886	0.98056	1.0	681	0	0	0.13764	0.20297	0.88815	160	2	0.22802
Fastkd5	4	0.72451	0.59752	0.909659	469	1	-0.079773	0.13955	0.21346	0.88815	161	2	0.19189
Pklr	4	0.79617	0.68967	0.945156	520	0	0	0.141	0.21347	0.88815	162	2	0.156
Pck1	4	0.3174	0.20172	0.521828	274	1	-0.27321	0.14148	0.21347	0.88815	163	2	0.18935
Uhmk1	4	0.31014	0.20171	0.521828	267	2	-0.1342	0.14167	0.21347	0.88815	164	1	0.33588
Map4k2	4	0.9545	0.94735	1.0	656	0	0	0.14341	0.23489	0.88815	165	2	0.16853
Hkdc1	4	0.59641	0.41972	0.760626	388	1	-0.142	0.1477	0.24571	0.88815	166	1	0.34495
Plk2	4	0.59089	0.41972	0.760626	386	1	-0.15227	0.14828	0.24571	0.88815	167	2	0.19453
Tab1	4	0.70817	0.5783	0.887968	453	1	-0.1229	0.1489	0.24571	0.88815	168	2	0.19861
Uckl1	4	0.90882	0.90739	1.0	616	0	0	0.1501	0.24571	0.88815	169	2	0.23239
Pdgfrb	4	0.91389	0.91451	1.0	622	0	0	0.15074	0.24572	0.88815	170	2	0.1945
Ephb6	4	0.13439	0.05009	0.253646	138	1	-0.2772	0.1513	0.24572	0.88815	171	2	0.24752
Camk2a	4	0.31434	0.20171	0.521828	271	1	-0.24468	0.1525	0.24572	0.88815	172	2	0.21453
Grk6	4	0.17391	0.070723	0.305607	163	2	-0.18339	0.1532	0.24572	0.88815	173	2	0.17295
Dapk1	4	0.80863	0.72196	0.963532	529	0	0	0.1537	0.24572	0.88815	174	1	0.2923
Dyrk3	4	0.13682	0.05009	0.253646	139	2	-0.23357	0.15519	0.25697	0.88815	175	2	0.18066
Csnk1d	4	0.79285	0.68967	0.945156	516	0	0	0.15609	0.25697	0.88815	176	2	0.20261
Clk2	4	0.72192	0.59751	0.909659	467	1	-0.098528	0.15818	0.25697	0.88815	177	2	0.22535
Stk26	4	0.34053	0.24089	0.565801	284	1	-0.21456	0.15967	0.25697	0.88815	178	1	0.30799
Nrbp2	4	0.48845	0.30104	0.626648	340	1	-3.6112	0.1632	0.25697	0.88815	179	2	0.14358
Ulk1	4	0.93984	0.92679	1.0	644	0	0	0.16323	0.25697	0.88815	180	1	0.30073
Fastkd2	4	0.95912	0.9601	1.0	661	0	0	0.16573	0.25698	0.88815	181	2	0.19895
Pik3c2g	4	0.90377	0.90016	1.0	610	0	0	0.16981	0.25698	0.88815	182	2	0.20072
Pak1	4	0.39439	0.2409	0.565801	303	1	-0.22528	0.17032	0.25698	0.88815	183	2	0.14144
Twf1	4	0.97432	0.97591	1.0	675	0	0	0.17083	0.25698	0.88815	184	2	0.22921
Epha3	4	0.12172	0.045168	0.242534	131	2	-0.24499	0.17151	0.25698	0.88815	185	1	0.31627
Mylk3	4	0.54988	0.40077	0.745204	366	1	-0.15464	0.17186	0.25698	0.88815	186	2	0.16296
Mpp2	4	0.92573	0.92678	1.0	631	0	0	0.17237	0.25698	0.88815	187	2	0.16082
Map4k1	4	0.85349	0.84829	1.0	574	0	0	0.17268	0.25698	0.88815	188	1	0.30851
Fggy	4	0.28786	0.17081	0.474557	247	2	-0.11483	0.17288	0.25698	0.88815	189	2	0.15324
Trim27	4	0.27394	0.1708	0.474557	239	2	-0.12863	0.17504	0.25698	0.88815	190	1	0.3042
Mknk2	4	0.4831	0.30104	0.626648	339	1	-0.17096	0.17598	0.25698	0.88815	191	2	0.14385
Irak2	4	0.24216	0.14228	0.447555	217	2	-0.18048	0.17621	0.25698	0.88815	192	1	0.31908
Adck1	4	0.84894	0.84828	1.0	569	0	0	0.17855	0.26866	0.88815	193	2	0.20627
Pak6	4	0.62254	0.47987	0.848095	404	1	-0.14526	0.18221	0.26866	0.88815	194	2	0.20439
Phka2	4	0.32147	0.20172	0.521828	275	1	-0.24823	0.18439	0.26866	0.88815	195	1	0.32816
Pkn2	4	0.1537	0.070713	0.305607	146	1	-0.37586	0.18555	0.26866	0.88815	196	2	0.24816
Nme7	4	0.045296	0.018133	0.15232	85	3	-0.21584	0.18671	0.26866	0.88815	197	1	0.26181
Ripk2	4	0.010356	0.0024707	0.037684	45	3	-0.20224	0.18788	0.26866	0.88815	198	1	0.25549
Phkb	4	0.70709	0.5783	0.887968	451	1	-0.12528	0.1885	0.26866	0.88815	199	2	0.15659
Nme4	4	0.79862	0.70643	0.957112	522	0	0	0.18903	0.26866	0.88815	200	1	0.27536
Acvr2a	4	0.41733	0.26135	0.575954	313	1	-0.20784	0.19019	0.26867	0.88815	201	1	0.29517
Ulk4	4	0.2699	0.1708	0.474557	234	2	-0.13963	0.19251	0.26867	0.88815	202	1	0.31721
Zap70	4	0.904	0.90016	1.0	611	0	0	0.19327	0.26867	0.88815	203	2	0.16184
Cib4	4	0.71192	0.5783	0.887968	457	1	-0.12562	0.19433	0.26867	0.88815	204	2	0.11819
Nuak1	4	0.4731	0.30103	0.626648	334	1	-0.20514	0.19482	0.26867	0.88815	205	1	1.4868
Slk	4	0.38313	0.2409	0.565801	298	1	-0.17708	0.19646	0.26867	0.88815	206	2	0.17483
Ror1	4	0.72554	0.61721	0.920029	470	1	-0.12913	0.19806	0.26867	0.88815	207	2	0.14364
Sgk3	4	0.80547	0.70644	0.957112	526	0	0	0.19827	0.26867	0.88815	208	1	0.25137
Pak7	4	0.33755	0.24089	0.565801	282	1	-0.2332	0.19942	0.26867	0.88815	209	1	0.40541
Bcr	4	0.16679	0.070723	0.305607	158	2	-0.25434	0.20056	0.26867	0.88815	210	2	0.23683
Mapk7	4	0.89379	0.88468	1.0	606	0	0	0.20074	0.26867	0.88815	211	2	0.16122
Pi4kb	4	0.73014	0.61721	0.920029	471	1	-0.10838	0.2045	0.28111	0.88815	212	2	0.15179
Prps1	4	0.47226	0.30103	0.626648	333	1	-0.2129	0.20514	0.28111	0.88815	213	1	0.29378
Ptk7	4	0.3051	0.18629	0.507674	262	1	-0.26993	0.20585	0.28111	0.88815	214	2	0.1343
Pfkfb3	4	0.74748	0.63623	0.926154	481	0	0	0.20585	0.28111	0.88815	215	2	0.15546
Ret	4	0.80227	0.70643	0.957112	525	0	0	0.20666	0.28111	0.88815	216	2	0.15629
Abl2	4	0.017108	0.0031808	0.041293	54	3	-0.35364	0.20742	0.28111	0.88815	217	1	0.33716
Sgk2	4	0.86978	0.86788	1.0	583	0	0	0.20829	0.28111	0.88815	218	2	0.12634
Cdk17	4	0.78181	0.68966	0.945156	508	0	0	0.20856	0.28111	0.88815	219	2	0.19424
Pdpk1	4	0.040595	0.015293	0.136576	77	2	-0.32908	0.21197	0.28111	0.88815	220	2	0.2181
Stradb	4	0.68431	0.55855	0.887968	437	1	-0.17872	0.21424	0.28112	0.88815	221	1	0.25693
Acvr1b	4	0.98939	0.99257	1.0	691	0	0	0.21537	0.28112	0.88815	222	2	0.13877
Fgfr3	4	0.45784	0.30103	0.626648	328	1	-0.21578	0.21537	0.28112	0.88815	223	2	0.19827
Gak	4	0.76397	0.65504	0.926154	496	0	0	0.21701	0.28112	0.88815	224	2	0.13458
Fastk	4	0.79534	0.68967	0.945156	518	0	0	0.2225	0.28112	0.88815	225	2	0.18316
Gsap	4	0.90837	0.90739	1.0	615	0	0	0.22325	0.28112	0.88815	226	1	0.26273
Fgfr4	4	0.29472	0.17081	0.474557	254	1	-0.27416	0.22859	0.29998	0.906837	227	2	0.149
Ak4	4	0.22859	0.12962	0.442836	207	2	-0.21674	0.22885	0.29998	0.906837	228	1	0.27064
Pi4k2a	4	0.88681	0.87672	1.0	596	0	0	0.2297	0.29998	0.906837	229	2	0.19368
Cdkl2	4	0.92877	0.92678	1.0	633	0	0	0.23304	0.29999	0.906837	230	2	0.19826
Prkci	4	0.01474	0.0027666	0.040313	49	3	-0.32019	0.23331	0.29999	0.906837	231	1	0.31248
Dclk2	4	0.78611	0.68966	0.945156	511	0	0	0.23415	0.29999	0.906837	232	2	0.14039
Erbb4	4	0.73317	0.61721	0.920029	474	0	0	0.23553	0.29999	0.906837	233	1	0.25626
Pink1	4	0.61464	0.46012	0.819281	399	1	-0.15883	0.23663	0.29999	0.906837	234	1	0.28199
Nek6	4	0.10978	0.041104	0.229286	121	2	-0.30175	0.23885	0.29999	0.906837	235	1	0.25246
Akt3	4	0.71457	0.5783	0.887968	459	1	-0.10501	0.24106	0.31878	0.906837	236	1	0.30564
Uck1	4	0.82125	0.76516	1.0	542	0	0	0.242	0.31878	0.906837	237	2	0.13389
Pik3cd	4	0.83039	0.79196	1.0	549	0	0	0.24256	0.31878	0.906837	238	2	0.16541
Prkg2	4	0.6989	0.57829	0.887968	445	1	-0.10365	0.24312	0.31878	0.906837	239	2	0.16808
Pbk	4	0.19273	0.078328	0.305607	183	2	-0.22032	0.24326	0.31878	0.906837	240	1	0.26735
Camk2g	4	0.65476	0.53865	0.887968	420	1	-0.12772	0.24425	0.31878	0.906837	241	2	0.17558
Pkdcc	4	0.71085	0.5783	0.887968	456	1	-0.086232	0.24481	0.31878	0.906837	242	2	0.11908
Nmrk2	4	0.64923	0.51888	0.886322	418	1	-0.14077	0.24651	0.31878	0.906837	243	2	0.14523
Dyrk4	4	0.54614	0.38102	0.745204	362	1	-0.17905	0.2482	0.31878	0.906837	244	2	0.13033
Kalrn	4	0.54839	0.40077	0.745204	364	1	-0.15108	0.24934	0.31878	0.906837	245	2	0.13845
Ripk1	4	0.29158	0.17081	0.474557	251	1	-0.24019	0.24984	0.31879	0.906837	246	1	0.266
Dgka	4	0.22101	0.11782	0.410357	200	1	-0.28353	0.25047	0.31879	0.906837	247	2	0.16477
Ick	4	0.9845	0.98619	1.0	685	0	0	0.25274	0.31879	0.906837	248	2	0.16071
Rfk	4	0.81711	0.73643	0.975548	536	0	0	0.25444	0.31879	0.906837	249	2	0.16915
Hunk	4	0.90994	0.9074	1.0	617	0	0	0.25529	0.31879	0.906837	250	2	0.20328
Ephb4	4	0.28495	0.17081	0.474557	246	2	-0.11156	0.25746	0.31879	0.906837	251	1	0.24116
Stk4	4	0.65841	0.53865	0.887968	421	1	-0.13406	0.26186	0.33701	0.943648	252	2	0.17347
Npr1	4	0.94525	0.93227	1.0	647	0	0	0.26415	0.33702	0.943648	253	2	0.17803
Tnk1	4	0.26395	0.1708	0.474557	230	1	-0.23338	0.26503	0.33702	0.943648	254	1	0.25312
Npr2	4	0.66919	0.53866	0.887968	426	1	-0.11882	0.2653	0.33702	0.943648	255	2	0.16431
Csnk1a1	4	0.75512	0.65504	0.926154	489	0	0	0.26933	0.35581	0.949512	256	2	0.24911
Epha2	4	0.52941	0.34094	0.689612	353	1	-0.20746	0.27047	0.35581	0.949512	257	2	0.11893
Brsk2	4	0.050448	0.022818	0.185139	87	3	-0.11191	0.27147	0.36659	0.949512	258	1	0.22865
Hk3	4	0.47394	0.30103	0.626648	335	1	-0.16237	0.27278	0.38538	0.949512	259	2	0.1349
Wnk4	4	0.35919	0.24089	0.565801	291	1	-0.23446	0.27336	0.38538	0.949512	260	2	0.11487
Map3k14	4	0.76807	0.65505	0.926154	498	0	0	0.27394	0.38538	0.949512	261	2	0.14476
Pacsin1	4	0.52555	0.34094	0.689612	351	1	-0.16305	0.27451	0.38538	0.949512	262	2	0.12941
Srpk3	4	0.9543	0.94735	1.0	655	0	0	0.27567	0.38538	0.949512	263	2	0.13054
Nme5	4	0.15489	0.070713	0.305607	149	2	-0.29641	0.2774	0.38538	0.949512	264	2	0.16296
Kdr	4	0.64799	0.51888	0.886322	417	1	-0.1415	0.27787	0.38538	0.949512	265	1	0.28182
Ksr1	4	0.084333	0.035561	0.22079	114	2	-0.29112	0.27893	0.38539	0.949512	266	1	0.24023
Hipk3	4	0.17701	0.070723	0.305607	164	2	-0.22337	0.27972	0.38539	0.949512	267	2	0.15326
Dapk3	4	0.56678	0.40077	0.745204	376	1	-0.16524	0.2803	0.38539	0.949512	268	2	0.13295
Yes1	4	0.8817	0.86789	1.0	590	0	0	0.28088	0.38539	0.949512	269	2	0.12666
Sh3bp4	4	0.066758	0.033776	0.22079	103	2	-0.3655	0.28105	0.38539	0.949512	270	2	0.17584
Prkdc	4	0.85413	0.84829	1.0	576	0	0	0.28204	0.38539	0.949512	271	2	0.15167
Gne	4	0.56022	0.40077	0.745204	372	1	-0.1535	0.28211	0.38539	0.949512	272	1	0.30132
Cpne3	4	0.21046	0.11781	0.410357	194	2	-0.13433	0.28316	0.38539	0.949512	273	1	0.24134
Glyctk	4	0.6686	0.53866	0.887968	425	1	-0.13441	0.28378	0.38539	0.949512	274	2	0.105
Hspb8	4	0.76305	0.65504	0.926154	495	0	0	0.28422	0.38539	0.949512	275	1	0.24285
Hck	4	0.038546	0.012857	0.120784	75	2	-0.24745	0.28633	0.40316	0.949512	276	1	0.22988
Plk3	4	0.1023	0.041095	0.229286	117	1	-0.42325	0.28786	0.40316	0.949512	277	2	0.15504
Lmtk3	4	0.82162	0.76516	1.0	543	0	0	0.28961	0.40316	0.949512	278	2	0.18262
Nek4	4	0.46636	0.30103	0.626648	331	1	-0.17291	0.29158	0.40316	0.949512	279	1	0.23972
Eef2k	4	0.82841	0.7791	1.0	546	0	0	0.29367	0.40317	0.949512	280	1	0.23245
Nup62	4	0.099796	0.041095	0.229286	116	1	-0.73947	0.29428	0.40317	0.949512	281	2	0.19
Actr2	4	0.052564	0.026014	0.18581	92	3	-0.19999	0.29576	0.40317	0.949512	282	1	0.23329
Mok	4	0.14649	0.063267	0.305607	144	2	-0.30599	0.29662	0.40317	0.949512	283	2	0.12862
Irak1	4	0.93351	0.92678	1.0	639	0	0	0.29721	0.40317	0.949512	284	2	0.169
Osr1	4	0.18012	0.078318	0.305607	168	2	-0.1966	0.29888	0.4126	0.949512	285	1	0.29214
Etnk2	4	0.1087	0.041095	0.229286	120	2	-0.17343	0.30014	0.4126	0.949512	286	2	0.1555
Ippk	4	0.57039	0.40078	0.745204	378	1	-0.15284	0.30073	0.4126	0.949512	287	2	0.48184
Ppip5k1	4	0.35236	0.24089	0.565801	288	1	-0.19886	0.30308	0.41261	0.949512	288	2	0.13083
Itpka	4	0.84596	0.83855	1.0	566	0	0	0.30425	0.41261	0.949512	289	2	0.12698
Pck2	4	0.55507	0.40077	0.745204	370	1	-0.14737	0.30484	0.41261	0.949512	290	2	0.1337
Mark1	4	0.016775	0.0031808	0.041293	53	3	-0.23174	0.3051	0.41261	0.949512	291	1	0.23735
Mpp7	4	0.31332	0.20171	0.521828	270	1	-0.23334	0.30602	0.41261	0.949512	292	2	0.131
Sik3	4	0.10304	0.041095	0.229286	118	2	-0.18554	0.30716	0.42977	0.949512	293	1	0.22742
Ripk4	4	0.23081	0.12963	0.442836	209	2	-0.1444	0.30778	0.42977	0.949512	294	2	0.1904
Mapkapk3	4	0.43698	0.26136	0.575954	321	1	-0.19676	0.30819	0.42977	0.949512	295	1	0.24611
Ptk2	4	0.13242	0.05008	0.253646	137	2	-0.26672	0.31073	0.42977	0.949512	296	2	0.13818
Tgfbr3	4	0.13195	0.05008	0.253646	136	2	-0.20938	0.31191	0.42978	0.949512	297	2	0.14312
Map2k2	4	0.90164	0.88469	1.0	609	0	0	0.3125	0.42978	0.949512	298	2	0.13168
Rock2	4	0.96489	0.97334	1.0	666	0	0	0.31723	0.43933	0.949512	299	2	0.10234
Prkcb	4	0.9175	0.91452	1.0	627	0	0	0.3174	0.43933	0.949512	300	2	0.16742
Nek1	4	0.36403	0.2409	0.565801	294	1	-0.23521	0.31842	0.43933	0.949512	301	2	0.14891
Prkd2	4	0.88535	0.86789	1.0	594	0	0	0.32138	0.43934	0.949512	302	2	0.11006
Prkca	4	0.20937	0.11781	0.410357	193	2	-0.16246	0.32197	0.45639	0.949512	303	2	0.15125
Scyl3	4	0.47895	0.30104	0.626648	338	1	-0.20595	0.32434	0.45639	0.949512	304	2	0.16524
Dck	4	0.12495	0.045178	0.242534	133	2	-0.20032	0.32451	0.45639	0.949512	305	1	0.3353
Mark4	4	0.17386	0.070723	0.305607	162	2	-0.21002	0.32553	0.45639	0.949512	306	2	0.14408
Prkar2a	4	0.83501	0.79196	1.0	554	0	0	0.32652	0.4564	0.949512	307	1	0.27694
Ltk	4	0.03787	0.012857	0.120784	74	3	-0.16532	0.33055	0.46625	0.949512	308	1	0.26406
Ephb2	4	0.19251	0.078328	0.305607	182	1	-0.2655	0.33088	0.46625	0.949512	309	2	0.1353
Srm	4	0.67856	0.53866	0.887968	432	1	-0.11848	0.33147	0.46625	0.949512	310	2	0.098114
Speg	4	0.051511	0.026014	0.18581	89	3	-0.37077	0.33155	0.46625	0.949512	311	1	0.27971
Twf2	4	0.23774	0.14228	0.447555	212	1	-0.28002	0.33505	0.46625	0.949512	312	2	0.13102
Morn1	4	0.62188	0.47987	0.848095	403	1	-0.14599	0.33555	0.46625	0.949512	313	1	0.29432
Mvk	4	0.54764	0.40077	0.745204	363	1	-0.16547	0.33624	0.46625	0.949512	314	2	0.11937
Srpk1	4	0.83918	0.79197	1.0	559	0	0	0.33655	0.46625	0.949512	315	1	0.23948
Taok3	4	0.87838	0.86789	1.0	588	0	0	0.33862	0.46625	0.949512	316	2	0.11158
Crkl	4	0.91237	0.9074	1.0	619	0	0	0.34101	0.46625	0.949512	317	2	0.17627
Mink1	4	0.057774	0.026014	0.18581	95	3	-0.17865	0.34251	0.46625	0.949512	318	1	0.25345
Ilk	4	0.24538	0.14229	0.447555	220	2	-0.1735	0.34698	0.46625	0.949512	319	2	0.11853
Crot	4	0.9128	0.9074	1.0	621	0	0	0.34758	0.46626	0.949512	320	2	0.12163
Ephb1	4	0.84327	0.81623	1.0	563	0	0	0.34844	0.46626	0.949512	321	1	0.23807
Dlg1	4	0.36016	0.24089	0.565801	292	1	-0.1916	0.34998	0.46626	0.949512	322	2	0.17551
Pank3	4	0.84496	0.82782	1.0	564	0	0	0.35138	0.46626	0.949512	323	1	0.24134
Tssk6	4	0.71245	0.5783	0.887968	458	1	-0.16675	0.35177	0.46626	0.949512	324	2	0.099613
Rps6ka1	4	0.95349	0.94735	1.0	654	0	0	0.35334	0.46626	0.949512	325	1	0.19565
Src	4	0.70978	0.5783	0.887968	454	1	-0.10885	0.35716	0.46626	0.949512	326	2	0.10879
Cib1	4	0.29311	0.17081	0.474557	252	2	-0.13894	0.36113	0.46626	0.949512	327	1	0.21013
Tssk3	4	0.1656	0.070723	0.305607	156	1	-0.32154	0.3621	0.46626	0.949512	328	1	0.23748
Bmpr1b	4	0.70274	0.5783	0.887968	450	1	-0.1007	0.36307	0.46626	0.949512	329	1	0.22184
Plxna3	4	0.27147	0.1708	0.474557	236	1	-0.25208	0.36885	0.4825	0.949512	330	1	0.24423
Dgkd	4	0.20628	0.1072	0.400726	191	1	-0.31314	0.37173	0.4825	0.949512	331	1	0.21373
Wee1	4	0.22773	0.12962	0.442836	206	2	-0.46523	0.37268	0.4825	0.949512	332	1	0.38211
Ckm	4	0.015923	0.003171	0.041293	51	3	-0.24574	0.37364	0.4825	0.949512	333	1	0.18659
Dgkh	4	0.23975	0.14228	0.447555	214	2	-0.23452	0.37459	0.4825	0.949512	334	1	0.24826
Nadk2	4	0.60323	0.41973	0.760626	393	1	-0.14766	0.37745	0.48251	0.949512	335	1	0.20819
Adpgk	4	0.76534	0.65504	0.926154	497	0	0	0.3784	0.48251	0.949512	336	1	0.20692
Cdk20	4	0.26718	0.1708	0.474557	232	1	-0.24555	0.37935	0.48251	0.949512	337	1	0.19656
Ddr2	4	0.62579	0.49975	0.857758	406	1	-0.1305	0.38124	0.48251	0.949512	338	1	0.2181
Pkmyt1	4	0.1922	0.078328	0.305607	181	2	-0.17241	0.38219	0.48251	0.949512	339	1	0.18773
Map2k5	4	0.015188	0.003171	0.041293	50	3	-0.38807	0.38313	0.48251	0.949512	340	1	0.21936
Cdk5	4	0.75653	0.65504	0.926154	490	0	0	0.38502	0.48251	0.949512	341	1	0.19671
Mylk2	4	0.81155	0.72196	0.963532	533	0	0	0.38784	0.49868	0.949512	342	1	0.21226
Cdk15	4	0.69447	0.57829	0.887968	442	1	-0.10795	0.39065	0.49868	0.949512	343	1	0.19493
Prkd3	4	0.11627	0.041104	0.229286	127	2	-0.23819	0.39717	0.49868	0.949512	344	1	0.24804
Itpkc	4	0.91956	0.92084	1.0	628	0	0	0.39903	0.49868	0.949512	345	1	0.21875
Prpf4b	4	0.29992	0.17081	0.474557	257	1	-0.46973	0.40088	0.49868	0.949512	346	1	0.24518
Phkg2	4	0.72088	0.59751	0.909659	466	1	-0.091548	0.40364	0.49868	0.949512	347	1	0.21516
Ip6k3	4	0.81768	0.73643	0.975548	537	0	0	0.41097	0.49868	0.949512	348	1	0.20214
Mak	4	0.77876	0.65505	0.926154	505	0	0	0.4128	0.49868	0.949512	349	1	0.19174
Txk	4	0.88839	0.87673	1.0	599	0	0	0.41552	0.49868	0.949512	350	1	0.22041
Akt2	4	0.028495	0.0062285	0.066481	65	3	-0.25335	0.42094	0.49868	0.949512	351	1	0.18183
Galk1	4	0.51931	0.34094	0.689612	349	1	-0.14902	0.42811	0.49868	0.949512	352	1	0.18563
Csnk1g1	4	0.20181	0.096387	0.362213	189	2	-0.15698	0.43078	0.49869	0.949512	353	1	0.19158
Kit	4	0.64238	0.49976	0.857758	414	1	-0.12261	0.43167	0.49869	0.949512	354	1	0.15539
Ulk2	4	0.91645	0.91452	1.0	626	0	0	0.43433	0.49869	0.949512	355	1	0.20491
Map3k3	4	0.24984	0.14229	0.447555	223	1	-0.36668	0.4361	0.49869	0.949512	356	1	0.21899
Ryk	4	0.11269	0.041104	0.229286	124	2	-0.26568	0.43698	0.49869	0.949512	357	1	0.1915
Gucy2c	4	0.92933	0.92678	1.0	635	0	0	0.44313	0.49869	0.949512	358	1	0.18686
Nek10	4	0.017717	0.0031808	0.041293	55	2	-0.32956	0.444	0.49869	0.949512	359	1	0.20676
Alpk2	4	0.88197	0.86789	1.0	591	0	0	0.44487	0.49869	0.949512	360	1	0.20514
Dguok	4	0.37173	0.2409	0.565801	296	1	-0.25849	0.44574	0.49869	0.949512	361	1	0.22264
Lrrk2	4	0.85381	0.84829	1.0	575	0	0	0.44835	0.49869	0.949512	362	1	0.18336
Amhr2	4	0.82931	0.7791	1.0	548	0	0	0.45182	0.49869	0.949512	363	1	0.21964
Irak4	4	0.04081	0.015293	0.136576	78	3	-0.16313	0.45268	0.49869	0.949512	364	1	0.17857
Fastkd1	4	0.26611	0.1708	0.474557	231	1	-0.26091	0.45484	0.49869	0.949512	365	1	0.19419
Mylk	4	0.90493	0.90017	1.0	612	0	0	0.45484	0.49869	0.949512	366	1	0.19419
Csnk1g3	4	0.033763	0.011042	0.111039	71	3	-0.29926	0.4587	0.49869	0.949512	367	1	0.15682
Nagk	4	0.64613	0.49976	0.857758	415	1	-0.12132	0.46126	0.49869	0.949512	368	1	0.19099
Galk2	4	0.60729	0.44062	0.792466	395	1	-0.14024	0.46297	0.49869	0.949512	369	1	0.15845
Shpk	4	0.3784	0.2409	0.565801	297	1	-0.20091	0.46636	0.49869	0.949512	370	1	0.14848
Eif2ak3	4	0.96171	0.96402	1.0	663	0	0	0.46721	0.49869	0.949512	371	1	0.1833
Ttk	4	0.08274	0.035561	0.22079	111	2	-0.33076	0.46805	0.49869	0.949512	372	1	0.35542
Prkacb	4	0.60051	0.41973	0.760626	391	1	-0.14895	0.4689	0.49869	0.949512	373	1	0.17828
Cdk18	4	0.32552	0.22116	0.565801	277	1	-0.21009	0.46974	0.49869	0.949512	374	1	0.16203
Pank2	4	0.50426	0.32089	0.666035	344	1	-0.16837	0.47226	0.49869	0.949512	375	1	0.3353
Map3k12	4	0.87414	0.86789	1.0	586	0	0	0.47562	0.53194	0.970491	376	1	0.17031
Rps6ka6	4	0.95335	0.94735	1.0	653	0	0	0.47729	0.53194	0.970491	377	1	0.20452
Prkab2	4	0.75747	0.65504	0.926154	492	0	0	0.47812	0.53194	0.970491	378	1	0.17527
Ntpcr	4	0.14535	0.063267	0.305607	143	2	-0.18851	0.48227	0.53194	0.970491	379	1	0.1569
Sh3bp5	4	0.93386	0.92679	1.0	640	0	0	0.4831	0.53194	0.970491	380	1	0.19574
Ak8	4	0.70165	0.57829	0.887968	449	1	-0.11957	0.48475	0.53194	0.970491	381	1	0.15054
Prps2	4	0.27625	0.1708	0.474557	240	2	-0.11732	0.48557	0.53194	0.970491	382	1	0.18888
Sbk1	4	0.46041	0.30103	0.626648	330	1	-0.14838	0.48804	0.53194	0.970491	383	1	0.16032
Pi4ka	4	0.026992	0.0062285	0.066481	62	2	-0.55391	0.48968	0.53194	0.970491	384	1	0.20247
Melk	4	0.1632	0.070713	0.305607	155	2	-0.24927	0.49701	0.53195	0.970491	385	1	0.16808
Raf1	4	0.86562	0.86788	1.0	579	0	0	0.49863	0.53195	0.970491	386	1	0.20707
Grk4	4	0.75887	0.65504	0.926154	493	0	0	0.50266	0.53195	0.970491	387	1	0.16693
Mapk9	4	0.43874	0.26136	0.575954	322	1	-0.17652	0.50905	0.54802	0.970491	388	1	0.15612
Braf	4	0.029004	0.0062384	0.066481	67	2	-0.30467	0.51302	0.54803	0.970491	389	1	0.17599
Adrbk1	4	0.18788	0.078328	0.305607	178	1	-0.27201	0.5146	0.56427	0.970491	390	1	0.16713
Plxna4	4	0.7494	0.63624	0.926154	483	0	0	0.524	0.56428	0.970491	391	1	0.16828
Nek7	4	0.64112	0.49976	0.857758	413	1	-0.1583	0.52632	0.56428	0.970491	392	1	0.17482
Mylk4	4	0.21424	0.11781	0.410357	197	1	-0.28474	0.52864	0.58053	0.970491	393	1	0.18223
Cdk10	4	0.83571	0.79197	1.0	555	0	0	0.53172	0.58053	0.970491	394	1	0.18943
Magi1	4	0.57754	0.40078	0.745204	381	1	-0.1598	0.53555	0.58054	0.970491	395	1	0.18344
Ikbkb	4	0.71031	0.5783	0.887968	455	1	-0.091809	0.53783	0.58054	0.970491	396	1	0.20403
Musk	4	0.04452	0.018133	0.15232	83	2	-0.31738	0.53859	0.58054	0.970491	397	1	0.17016
Calm1	4	0.11135	0.041104	0.229286	122	2	-0.20953	0.53935	0.58054	0.970491	398	1	0.14994
Cdc7	4	0.68029	0.55854	0.887968	433	1	-0.21117	0.54087	0.58054	0.970491	399	1	0.16237
Cd2	4	0.21084	0.11781	0.410357	195	2	-0.21924	0.54238	0.59691	0.970491	400	1	0.18858
Map3k13	4	0.86949	0.86788	1.0	582	0	0	0.54313	0.59691	0.970491	401	1	0.16518
Pdgfra	4	0.3435	0.24089	0.565801	285	1	-0.24366	0.54539	0.59691	0.970491	402	1	0.12562
Lck	4	0.88892	0.87673	1.0	600	0	0	0.54913	0.59692	0.970491	403	1	0.15957
Cdk16	4	0.57683	0.40078	0.745204	380	1	-0.13027	0.55359	0.61327	0.970491	404	1	0.14873
Mapk4	4	0.037235	0.012857	0.120784	73	3	-0.5315	0.55581	0.61327	0.970491	405	1	0.15645
Pgk2	4	0.69279	0.57829	0.887968	441	1	-0.12251	0.55729	0.61327	0.970491	406	1	0.17319
Pim2	4	0.14779	0.063277	0.305607	145	2	-0.19077	0.55949	0.61327	0.970491	407	1	0.12955
Pfkm	4	0.88787	0.87672	1.0	598	0	0	0.56022	0.61327	0.970491	408	1	0.14508
Pfkfb2	4	0.069686	0.033786	0.22079	106	2	-0.32077	0.56242	0.61327	0.970491	409	1	0.15941
Cad	4	0.73367	0.61721	0.920029	475	0	0	0.5646	0.61327	0.970491	410	1	0.1381
Fes	4	0.89227	0.88468	1.0	605	0	0	0.56678	0.61327	0.970491	411	1	0.14925
Tek	4	0.23471	0.14228	0.447555	210	2	-0.1605	0.56895	0.61327	0.970491	412	1	0.14659
Alpk1	4	0.032141	0.0092762	0.094618	70	2	-0.25707	0.57039	0.61328	0.970491	413	1	0.15882
Dgke	4	0.74261	0.61722	0.920029	479	0	0	0.57111	0.61328	0.970491	414	1	1.0691
Pak3	4	0.4587	0.30103	0.626648	329	1	-0.22682	0.57255	0.61328	0.970491	415	1	0.14805
Flt3	4	0.97715	0.97818	1.0	680	0	0	0.57754	0.61328	0.970491	416	1	0.1673
Nlk	4	0.22582	0.11782	0.410357	205	2	-0.19339	0.58038	0.61328	0.970491	417	1	0.10575
Dclk1	4	0.20829	0.11781	0.410357	192	2	-0.14314	0.58671	0.62944	0.970491	418	1	1.2881
Pip5k1c	4	0.757	0.65504	0.926154	491	0	0	0.58741	0.62944	0.970491	419	1	0.11845
Sik2	4	0.93333	0.92678	1.0	638	0	0	0.5895	0.62944	0.970491	420	1	0.14775
Ror2	4	0.52322	0.34094	0.689612	350	1	-0.14803	0.59019	0.62944	0.970491	421	1	0.15447
Camk1	4	0.083535	0.035561	0.22079	113	2	-0.193	0.59158	0.62944	0.970491	422	1	0.13794
Lrguk	4	0.82841	0.7791	1.0	545	0	0	0.59365	0.62944	0.970491	423	1	0.1494
Adck5	4	0.91171	0.9074	1.0	618	0	0	0.59709	0.62944	0.970491	424	1	0.13388
Ak5	4	0.30484	0.18629	0.507674	261	2	-0.11912	0.59847	0.62944	0.970491	425	1	0.15547
Map2k3	4	0.78224	0.68966	0.945156	509	0	0	0.59915	0.62944	0.970491	426	1	0.13613
Pkn1	4	0.18439	0.078318	0.305607	172	2	-0.21335	0.60188	0.62945	0.970491	427	1	0.13227
Mknk1	4	0.0071289	0.0021156	0.035293	42	3	-0.2808	0.60255	0.62945	0.970491	428	1	0.1441
Pfkfb4	4	0.92058	0.92084	1.0	629	0	0	0.60391	0.62945	0.970491	429	1	0.1334
Atr	4	0.00128	0.00011343	0.00326	23	3	-0.39154	0.60729	0.62945	0.970491	430	1	0.18162
Cdkl3	4	0.18745	0.078328	0.305607	177	2	-0.18571	0.60997	0.62945	0.970491	431	1	0.13604
Cdk2	4	0.53172	0.36073	0.719461	354	1	-0.14863	0.61397	0.62945	0.970491	432	1	0.12757
Pi4k2b	4	0.43256	0.26136	0.575954	320	1	-0.2006	0.6153	0.62945	0.970491	433	1	0.15016
Gk5	4	0.021805	0.005262	0.062735	58	3	-0.33284	0.62579	0.64547	0.970491	434	1	0.14763
Mst1	4	0.74554	0.63623	0.926154	480	0	0	0.62644	0.64547	0.970491	435	1	0.13421
Insr	4	0.064595	0.029772	0.208471	101	3	-0.20483	0.62967	0.64547	0.970491	436	1	0.136
Rps6ka2	4	0.80784	0.72196	0.963532	528	0	0	0.63288	0.64547	0.970491	437	1	0.12996
Vrk3	4	0.89073	0.88468	1.0	604	0	0	0.63479	0.64547	0.970491	438	1	0.13493
Ak7	3	0.092133	0.034634	0.22079	115	2	-0.28473	0.63553	0.58582	0.970491	439	1	-0.45381
Agk	4	0.78094	0.67256	0.945156	507	0	0	0.63734	0.64547	0.970491	440	1	0.11857
Nme8	4	0.54913	0.40077	0.745204	365	1	-0.14848	0.63797	0.64547	0.970491	441	1	0.13304
Pskh1	4	0.030956	0.0075699	0.079484	68	3	-0.15075	0.64238	0.64547	0.970491	442	1	0.12337
Myo3b	4	0.27336	0.1708	0.474557	238	2	-0.17803	0.64488	0.64547	0.970491	443	1	0.1352
Pik3r4	4	0.15967	0.070713	0.305607	151	2	-1.576	0.64551	0.64547	0.970491	444	1	0.13227
Prkce	4	0.81825	0.73644	0.975548	538	0	0	0.64675	0.64547	0.970491	445	1	0.11905
Syk	4	0.3621	0.24089	0.565801	293	1	-0.23246	0.65231	0.64547	0.970491	446	1	0.11231
Ntrk1	4	0.12127	0.045168	0.242534	130	2	-0.17673	0.65293	0.64547	0.970491	447	1	0.10784
Mapk13	4	0.79699	0.68967	0.945156	521	0	0	0.65415	0.64547	0.970491	448	1	0.12076
Gucy2f	4	0.25388	0.14229	0.447555	226	2	-0.16987	0.65598	0.64548	0.970491	449	1	0.11468
Morn2	4	0.91259	0.9074	1.0	620	0	0	0.6572	0.64548	0.970491	450	1	0.10161
Cdkl1	4	0.84226	0.80435	1.0	562	0	0	0.65902	0.64548	0.970491	451	1	0.11466
Nek9	4	0.0099446	0.0022439	0.036412	44	3	-0.29533	0.65962	0.64548	0.970491	452	1	0.12992
Pdik1l	4	0.56169	0.40077	0.745204	373	1	-0.17165	0.66203	0.64548	0.970491	453	1	0.12181
Sphk1	4	0.56533	0.40077	0.745204	375	1	-0.16559	0.66503	0.64548	0.970491	454	1	0.14172
Ankk1	4	0.55433	0.40077	0.745204	369	1	-0.12619	0.66682	0.64548	0.970491	455	1	0.1585
Camk2d	4	0.026902	0.0062285	0.066481	61	3	-0.23244	0.66741	0.64548	0.970491	456	1	0.16201
Cks2	4	0.62902	0.49975	0.857758	407	1	-0.14599	0.66919	0.64548	0.970491	457	1	0.15759
Wnk3	4	0.429	0.26136	0.575954	319	1	-0.17549	0.67155	0.64548	0.970491	458	1	0.14787
Snx16	4	0.20056	0.096387	0.362213	188	1	-0.37411	0.6739	0.64548	0.970491	459	1	0.12438
Map3k1	4	0.027949	0.0062285	0.066481	63	3	-0.20263	0.67507	0.64548	0.970491	460	1	0.13154
Prkd1	4	0.71826	0.5783	0.887968	463	1	-0.10955	0.67565	0.64548	0.970491	461	1	0.11981
Ckb	4	0.2225	0.11782	0.410357	202	2	-0.12847	0.6774	0.64548	0.970491	462	1	0.11188
Lyn	4	0.061596	0.026024	0.18581	98	2	-0.35493	0.67971	0.64548	0.970491	463	1	0.12213
Epha8	4	0.85057	0.84828	1.0	571	0	0	0.68087	0.64548	0.970491	464	1	0.10533
Fuk	4	0.22361	0.11782	0.410357	203	2	-0.17121	0.68144	0.64548	0.970491	465	1	0.13027
Dcakd	4	0.061984	0.026024	0.18581	100	3	-0.17668	0.68202	0.64548	0.970491	466	1	0.11555
Epha10	4	0.49295	0.30104	0.626648	341	1	-0.15724	0.68316	0.64548	0.970491	467	1	0.084212
Tssk2	4	0.78696	0.68966	0.945156	513	0	0	0.68488	0.64548	0.970491	468	1	0.14484
Taok1	4	0.041145	0.015303	0.136576	79	3	-0.19423	0.68659	0.64548	0.970491	469	1	0.11771
Gck	4	0.51618	0.34093	0.689612	348	1	-0.16126	0.68885	0.64548	0.970491	470	1	0.12755
Prkar2b	4	0.62449	0.49975	0.857758	405	1	-0.13212	0.68942	0.64548	0.970491	471	1	0.13529
Mpp6	4	0.59227	0.41972	0.760626	387	1	-0.14116	0.69055	0.64548	0.970491	472	1	0.12364
Tyk2	4	0.17908	0.078318	0.305607	166	2	-0.15274	0.69111	0.64548	0.970491	473	1	0.12016
Prkcg	4	0.81635	0.72197	0.963532	535	0	0	0.69167	0.64548	0.970491	474	1	0.12119
Rps6ka5	4	0.39252	0.2409	0.565801	301	1	-0.18331	0.69335	0.66151	0.970491	475	1	0.095946
Tesk1	4	0.74064	0.61722	0.920029	478	0	0	0.69835	0.66151	0.970491	476	1	0.11434
Ak2	4	0.06913	0.033776	0.22079	105	2	-0.24163	0.69945	0.66151	0.970491	477	1	0.10032
Plk1	4	0.051212	0.022818	0.185139	88	3	-0.52157	0.70055	0.66151	0.970491	478	1	0.29013
Nuak2	4	0.83606	0.79197	1.0	556	0	0	0.70274	0.66151	0.970491	479	1	0.12815
Hipk1	4	0.61198	0.46012	0.819281	398	1	-0.12391	0.70438	0.66151	0.970491	480	1	0.092676
Magi3	4	0.3125	0.20171	0.521828	269	2	-0.13307	0.70655	0.66152	0.970491	481	1	0.10531
Prkag3	4	0.84158	0.80435	1.0	561	0	0	0.70709	0.66152	0.970491	482	1	0.099731
Aak1	4	0.59019	0.41972	0.760626	385	1	-0.16574	0.70978	0.66152	0.970491	483	1	0.11222
Mast2	4	0.052175	0.026014	0.18581	91	3	-0.15415	0.71298	0.66152	0.970491	484	1	0.12803
Cerkl	4	0.14167	0.056649	0.284839	142	1	-0.33301	0.71404	0.66152	0.970491	485	1	0.10696
Bub1b	4	0.77569	0.65505	0.926154	504	0	0	0.71774	0.66152	0.970491	486	1	0.16607
Csnk1g2	4	0.74796	0.63623	0.926154	482	0	0	0.71931	0.67793	0.970491	487	1	0.10843
Pik3c3	4	0.5675	0.40078	0.745204	377	1	-0.13312	0.72296	0.67793	0.970491	488	1	0.096048
Tpk1	4	0.32652	0.22117	0.565801	278	1	-0.2025	0.72451	0.67793	0.970491	489	1	0.10672
Rock1	4	0.64049	0.49976	0.857758	412	1	-0.15872	0.72554	0.67793	0.970491	490	1	0.093532
Stk16	4	0.66324	0.53865	0.887968	423	1	-0.15179	0.7281	0.67794	0.970491	491	1	0.12284
Tnni3k	4	0.67096	0.53866	0.887968	427	1	-0.13137	0.72861	0.67794	0.970491	492	1	0.1165
Snrk	4	0.39903	0.26135	0.575954	306	1	-0.15284	0.72963	0.67794	0.970491	493	1	0.099279
Dlg3	4	0.79369	0.68967	0.945156	517	0	0	0.73115	0.67794	0.970491	494	1	0.1078
Mpp5	4	0.21755	0.11782	0.410357	199	2	-0.13966	0.73216	0.67794	0.970491	495	1	0.096222
Nek3	4	0.044829	0.018133	0.15232	84	2	-0.35179	0.73267	0.67794	0.970491	496	1	0.11705
Lats1	4	0.19913	0.096377	0.362213	186	2	-0.17462	0.73317	0.67794	0.970491	497	1	0.1092
Pnkp	4	0.88387	0.86789	1.0	593	0	0	0.73367	0.67794	0.970491	498	1	0.13236
Dgkb	4	0.66143	0.53865	0.887968	422	1	-0.13019	0.73518	0.69455	0.970491	499	1	0.10099
Gsg2	4	0.29078	0.17081	0.474557	250	2	-0.14448	0.73618	0.69455	0.970491	500	1	0.10287
Nme2	4	0.85187	0.84829	1.0	573	0	0	0.73718	0.69455	0.970491	501	1	0.11154
Map3k7	4	0.2482	0.14229	0.447555	222	2	-0.21462	0.73916	0.69455	0.970491	502	1	0.10914
Mast4	4	0.38878	0.2409	0.565801	300	1	-0.23044	0.74114	0.69456	0.970491	503	1	0.096416
Stk32a	4	0.083389	0.035561	0.22079	112	1	-0.39354	0.74212	0.69456	0.970491	504	1	0.11797
Pgk1	4	0.00022146	4.9316e-06	0.00022	15	3	-0.65138	0.74359	0.69456	0.970491	505	1	0.15147
Adrbk2	4	0.31127	0.20171	0.521828	268	1	-0.26608	0.74408	0.69456	0.970491	506	1	0.10581
Prkcz	4	0.40088	0.26135	0.575954	307	1	-0.21036	0.74892	0.71087	0.970491	507	1	0.12152
Dgkg	4	0.68942	0.57829	0.887968	439	1	-0.11004	0.75084	0.71087	0.970491	508	1	0.11127
Eif2ak2	4	0.042331	0.018123	0.15232	81	3	-0.23023	0.7518	0.71087	0.970491	509	1	0.12353
Pfkp	4	0.30819	0.20171	0.521828	264	1	-0.23841	0.75465	0.71087	0.970491	510	1	0.10364
Mapk3	4	0.87585	0.86789	1.0	587	0	0	0.75559	0.71087	0.970491	511	1	0.095436
Tkfc	4	0.96998	0.97334	1.0	671	0	0	0.75606	0.71087	0.970491	512	1	0.097886
Adk	4	0.24546	0.14229	0.447555	221	1	-0.29273	0.75653	0.71087	0.970491	513	1	0.095392
Frk	4	0.16119	0.070713	0.305607	153	2	-0.2621	0.757	0.71087	0.970491	514	1	0.10923
Nme6	4	0.27999	0.1708	0.474557	243	1	-0.24904	0.75747	0.71087	0.970491	515	1	0.10134
Nek11	4	0.18325	0.078318	0.305607	171	2	-0.17071	0.75794	0.71088	0.970491	516	1	0.10184
Bckdk	4	0.7151	0.5783	0.887968	460	1	-0.091945	0.75981	0.71088	0.970491	517	1	0.074833
Tnik	4	0.42811	0.26136	0.575954	318	1	-0.1913	0.76166	0.71088	0.970491	518	1	0.08215
Sgk1	4	0.30955	0.20171	0.521828	266	2	-0.13515	0.76305	0.71088	0.970491	519	1	0.093253
Map4k5	4	0.12828	0.05008	0.253646	134	2	-0.23723	0.76443	0.71088	0.970491	520	1	0.10946
Prkcq	4	0.36789	0.2409	0.565801	295	1	-0.2049	0.7658	0.71088	0.970491	521	1	0.089511
Cask	4	0.26933	0.1708	0.474557	233	1	-0.2651	0.76626	0.71088	0.970491	522	1	0.10003
Pim1	4	0.40548	0.26135	0.575954	309	1	-0.28385	0.76853	0.71088	0.970491	523	0	0
Ptk2b	4	0.40272	0.26135	0.575954	308	1	-0.22171	0.77123	0.72633	0.982214	524	0	0
Flt4	4	0.53669	0.36074	0.719461	358	1	-0.15478	0.77391	0.72634	0.982214	525	0	0
Pik3r3	4	0.65415	0.53865	0.887968	419	1	-0.12955	0.7748	0.72634	0.982214	526	0	0
Col4a3bp	4	0.19019	0.078328	0.305607	180	2	-0.25217	0.77569	0.72634	0.982214	527	0	0
Araf	4	0.21509	0.11781	0.410357	198	2	-0.20675	0.77613	0.72634	0.982214	528	0	0
Cdc42bpa	4	0.64675	0.49976	0.857758	416	1	-0.1177	0.77701	0.74163	0.993493	529	0	0
Mapk8	4	0.28422	0.17081	0.474557	245	1	-0.22775	0.77964	0.74163	0.993493	530	0	0
Zak	4	0.31536	0.20172	0.521828	272	1	-0.29723	0.78007	0.74163	0.993493	531	0	0
Riok3	4	0.5839	0.40078	0.745204	384	1	-0.15143	0.78354	0.74164	0.993493	532	0	0
Tk2	4	0.81097	0.72196	0.963532	531	0	0	0.78397	0.74164	0.993493	533	0	0
Tesk2	4	0.95198	0.94734	1.0	651	0	0	0.78611	0.75591	1.0	534	0	0
Blk	4	0.12951	0.05008	0.253646	135	1	-0.43356	0.78781	0.75591	1.0	535	0	0
Cdk6	4	0.94017	0.92679	1.0	645	0	0	0.79139	0.75592	1.0	536	0	0
Dyrk1b	4	0.67682	0.53866	0.887968	431	1	-0.10655	0.79244	0.76955	1.0	537	0	0
Hk1	4	0.33954	0.24089	0.565801	283	1	-0.2848	0.79285	0.76956	1.0	538	0	0
Adck2	4	0.78051	0.67256	0.945156	506	0	0	0.79327	0.76956	1.0	539	0	0
Flt1	4	0.1864	0.078328	0.305607	175	2	-0.16644	0.79431	0.78342	1.0	540	0	0
Pip5kl1	4	0.60391	0.41973	0.760626	394	1	-0.17111	0.7974	0.79562	1.0	541	0	0
Stk10	4	0.69055	0.57829	0.887968	440	1	-0.109	0.79822	0.79562	1.0	542	0	0
Pomk	4	0.75323	0.63624	0.926154	487	0	0	0.79903	0.79562	1.0	543	0	0
Nek2	4	0.00075242	2.4658e-05	0.000838	21	3	-0.30566	0.80025	0.79562	1.0	544	0	0
Xylb	4	0.93918	0.92679	1.0	643	0	0	0.80065	0.79562	1.0	545	0	0
Dgkz	4	0.18956	0.078328	0.305607	179	2	-0.16528	0.80106	0.79562	1.0	546	0	0
Nme1	4	0.16675	0.070723	0.305607	157	2	-0.22197	0.80267	0.79562	1.0	547	0	0
Ros1	4	0.28844	0.17081	0.474557	248	2	-0.14737	0.80307	0.79562	1.0	548	0	0
Ern2	4	0.22213	0.11782	0.410357	201	1	-0.30057	0.80467	0.79562	1.0	549	0	0
Map2k1	4	0.53249	0.36073	0.719461	355	1	-0.16516	0.80527	0.79562	1.0	550	0	0
Pdk4	4	0.041482	0.015303	0.136576	80	3	-0.16214	0.80745	0.79562	1.0	551	0	0
Akt1	4	0.024096	0.0052718	0.062735	60	2	-0.29844	0.80863	0.79563	1.0	552	0	0
Pgm2l1	4	0.27047	0.1708	0.474557	235	2	-0.15628	0.80902	0.79563	1.0	553	0	0
Epha1	4	0.92896	0.92678	1.0	634	0	0	0.8098	0.79563	1.0	554	0	0
Mast1	4	0.43962	0.26136	0.575954	323	1	-0.21571	0.81019	0.79563	1.0	555	0	0
Csf1r	4	0.73468	0.61722	0.920029	476	0	0	0.81058	0.79563	1.0	556	0	0
Ckmt2	4	0.60796	0.44062	0.792466	396	1	-0.12989	0.81136	0.79563	1.0	557	0	0
Stk36	4	0.47812	0.30104	0.626648	337	1	-0.19018	0.81483	0.79563	1.0	558	0	0
Stk24	4	0.11598	0.041104	0.229286	126	2	-0.34295	0.819	0.79563	1.0	559	0	0
Rps6kl1	4	0.18671	0.078328	0.305607	176	1	-0.33822	0.82125	0.80826	1.0	560	0	0
Dolk	4	0.017922	0.0037332	0.046887	56	3	-0.31478	0.82274	0.80827	1.0	561	0	0
Chek1	4	0.0013387	0.00012329	0.00326	24	3	-0.75753	0.82385	0.81957	1.0	562	0	0
Trpm7	4	0.34548	0.24089	0.565801	287	1	-0.23186	0.82495	0.81957	1.0	563	0	0
Styk1	4	0.15419	0.070713	0.305607	148	2	-0.20971	0.82532	0.81957	1.0	564	0	0
Fn3krp	4	0.29779	0.17081	0.474557	256	2	-0.14137	0.82605	0.81957	1.0	565	0	0
Pip4k2a	4	0.73115	0.61721	0.920029	472	1	-0.10742	0.82714	0.81957	1.0	566	0	0
Ip6k2	4	0.75227	0.63624	0.926154	486	0	0	0.82823	0.81958	1.0	567	0	0
Pdk3	4	0.68316	0.55855	0.887968	436	1	-0.10955	0.83147	0.81958	1.0	568	0	0
Jak3	4	0.15847	0.070713	0.305607	150	2	-0.21756	0.83218	0.81958	1.0	569	0	0
Aurkb	4	0.61926	0.46013	0.819281	401	1	-0.21051	0.8343	0.83069	1.0	570	0	0
Tbrg4	4	0.79575	0.68967	0.945156	519	0	0	0.83465	0.83069	1.0	571	0	0
Cdc42bpb	4	0.055113	0.026014	0.18581	94	3	-0.27715	0.83536	0.83069	1.0	572	0	0
Rab11fip5	4	0.77123	0.65505	0.926154	501	0	0	0.83571	0.83069	1.0	573	0	0
Mpp3	4	0.33555	0.24089	0.565801	280	1	-0.21533	0.83952	0.83069	1.0	574	0	0
Rps6ka4	4	0.19827	0.096377	0.362213	185	1	-0.29253	0.83987	0.8307	1.0	575	0	0
Chek2	4	0.4405	0.26136	0.575954	324	1	-0.22002	0.84055	0.8307	1.0	576	0	0
Map4k3	4	0.60119	0.41973	0.760626	392	1	-0.13027	0.84226	0.8307	1.0	577	0	0
Rbks	4	0.078809	0.035552	0.22079	108	2	-0.22265	0.84992	0.85055	1.0	578	0	0
Igf1r	4	0.5146	0.34093	0.689612	347	1	-0.20457	0.85057	0.85055	1.0	579	0	0
Map3k19	4	0.61662	0.46013	0.819281	400	1	-0.14789	0.85155	0.85055	1.0	580	0	0
Nek5	4	0.63797	0.49976	0.857758	411	1	-0.11548	0.85187	0.85055	1.0	581	0	0
Ikbke	4	0.065924	0.029782	0.208471	102	3	-0.13311	0.85413	0.85056	1.0	582	0	0
Arsg	4	0.71669	0.5783	0.887968	462	1	-0.12047	0.85604	0.85056	1.0	583	0	0
Atm	4	0.71879	0.5783	0.887968	464	1	-0.15122	0.85636	0.85056	1.0	584	0	0
Aatk	4	0.35334	0.24089	0.565801	289	1	-0.20602	0.85667	0.85056	1.0	585	0	0
Mapk6	4	0.014476	0.0027666	0.040313	48	3	-0.22713	0.85762	0.85056	1.0	586	0	0
Pask	4	0.29604	0.17081	0.474557	255	2	-0.11334	0.85793	0.85056	1.0	587	0	0
Rps6ka3	4	0.85155	0.84828	1.0	572	0	0	0.85825	0.85056	1.0	588	0	0
Itk	4	0.27893	0.1708	0.474557	242	1	-0.25665	0.85856	0.85056	1.0	589	0	0
Stk38l	4	0.57967	0.40078	0.745204	382	1	-0.1326	0.85918	0.86011	1.0	590	0	0
Abcc1	4	0.83465	0.79196	1.0	553	0	0	0.86166	0.86011	1.0	591	0	0
Tbck	4	0.34449	0.24089	0.565801	286	1	-0.28978	0.86258	0.86011	1.0	592	0	0
Pdgfrl	4	0.17753	0.070723	0.305607	165	2	-0.15081	0.86319	0.86011	1.0	593	0	0
Fer	4	0.061723	0.026024	0.18581	99	2	-0.32836	0.8638	0.86011	1.0	594	0	0
Stk3	4	0.7011	0.57829	0.887968	448	1	-0.12622	0.86682	0.86012	1.0	595	0	0
Pik3ca	4	0.63224	0.49975	0.857758	408	1	-0.15136	0.86712	0.86012	1.0	596	0	0
Acvr1c	4	0.47562	0.30103	0.626648	336	1	-0.17074	0.86919	0.86012	1.0	597	0	0
Erbb2	4	0.83289	0.79196	1.0	550	0	0	0.86949	0.86012	1.0	598	0	0
Prkx	4	0.68087	0.55854	0.887968	434	1	-0.13578	0.87241	0.87819	1.0	599	0	0
Mapk11	4	0.82088	0.76516	1.0	541	0	0	0.87356	0.87819	1.0	600	0	0
Fgfr2	4	0.49376	0.30104	0.626648	342	1	-0.24065	0.87442	0.87819	1.0	601	0	0
Prkra	4	0.16828	0.070723	0.305607	160	2	-0.20975	0.87557	0.87819	1.0	602	0	0
Dapk2	4	0.67507	0.53866	0.887968	430	1	-0.12073	0.87782	0.87819	1.0	603	0	0
Peak1	4	0.52864	0.34094	0.689612	352	1	-0.13695	0.8795	0.87819	1.0	604	0	0
Trib1	4	0.0024568	0.00049809	0.011854	30	2	-0.44419	0.88005	0.87819	1.0	605	0	0
Trib2	4	0.24256	0.14228	0.447555	218	2	-0.15071	0.8806	0.87819	1.0	606	0	0
Cmpk2	4	0.21197	0.11781	0.410357	196	1	-0.26402	0.88115	0.87819	1.0	607	0	0
Ptk6	4	0.25093	0.14229	0.447555	225	1	-0.28466	0.8817	0.87819	1.0	608	0	0
Map2k4	4	0.01836	0.003743	0.046887	57	3	-0.33821	0.88197	0.87819	1.0	609	0	0
Prkaca	4	0.24341	0.14228	0.447555	219	2	-0.18226	0.88279	0.87819	1.0	610	0	0
Prkaa2	4	0.23863	0.14228	0.447555	213	2	-0.16493	0.8836	0.87819	1.0	611	0	0
Cdkl4	4	0.89022	0.88468	1.0	602	0	0	0.88575	0.8782	1.0	612	0	0
Fastkd3	4	0.76898	0.65505	0.926154	499	0	0	0.88681	0.8782	1.0	613	0	0
Gk2	4	0.69613	0.57829	0.887968	443	1	-0.097811	0.89125	0.8782	1.0	614	0	0
Hipk2	4	0.53402	0.36073	0.719461	357	1	-0.17564	0.89176	0.8782	1.0	615	0	0
Scyl2	4	0.17972	0.078318	0.305607	167	2	-0.26689	0.89253	0.8782	1.0	616	0	0
Pik3r1	4	0.78654	0.68966	0.945156	512	0	0	0.8953	0.8782	1.0	617	0	0
Plau	4	0.0051899	0.0013759	0.02456	39	3	-0.33669	0.89875	0.88678	1.0	618	0	0
Cdc42bpg	4	0.19942	0.096377	0.362213	187	2	-0.21068	0.90164	0.89472	1.0	619	0	0
Mapk1	4	0.59709	0.41973	0.760626	389	1	-0.16603	0.90306	0.90193	1.0	620	0	0
Prps1l1	4	0.1199	0.045168	0.242534	129	2	-0.24282	0.90377	0.90193	1.0	621	0	0
Map3k9	4	0.27254	0.1708	0.474557	237	1	-0.22609	0.90424	0.90194	1.0	622	0	0
Fyn	4	0.16086	0.070713	0.305607	152	1	-0.30558	0.90563	0.90835	1.0	623	0	0
Prkcd	4	0.75132	0.63624	0.926154	485	0	0	0.90586	0.90835	1.0	624	0	0
Cdk4	4	0.69669	0.57829	0.887968	444	1	-0.13715	0.90678	0.90835	1.0	625	0	0
Met	4	0.56242	0.40077	0.745204	374	1	-0.17795	0.90769	0.90836	1.0	626	0	0
Mapk10	4	0.87037	0.86788	1.0	584	0	0	0.90826	0.90836	1.0	627	0	0
Pkn3	4	0.80187	0.70643	0.957112	524	0	0	0.9086	0.90836	1.0	628	0	0
Nek8	4	0.1118	0.041104	0.229286	123	2	-0.20608	0.91171	0.92131	1.0	629	0	0
Nim1k	4	0.32753	0.22117	0.565801	279	1	-0.25374	0.91453	0.92724	1.0	630	0	0
Cdk5r1	4	0.53859	0.38101	0.745204	359	1	-0.13984	0.91517	0.92724	1.0	631	0	0
Ripk3	4	0.078296	0.035552	0.22079	107	2	-0.32113	0.91539	0.92724	1.0	632	0	0
Stk25	4	0.16204	0.070713	0.305607	154	1	-0.31789	0.91666	0.92724	1.0	633	0	0
Trim24	4	0.059968	0.026024	0.18581	97	2	-0.23698	0.91687	0.92724	1.0	634	0	0
Itpkb	4	0.67331	0.53866	0.887968	429	1	-0.12582	0.91833	0.92725	1.0	635	0	0
Plk5	4	0.24144	0.14228	0.447555	216	2	-0.12726	0.92279	0.93293	1.0	636	0	0
Pmvk	4	0.68202	0.55854	0.887968	435	1	-0.099938	0.92573	0.93847	1.0	637	0	0
Cdkl5	4	0.26071	0.15639	0.474557	228	1	-0.29619	0.92745	0.943	1.0	638	0	0
Tec	4	0.18206	0.078318	0.305607	169	1	-0.28214	0.92914	0.94301	1.0	639	0	0
Stk39	4	0.035979	0.012847	0.120784	72	3	-0.25278	0.92933	0.94301	1.0	640	0	0
Brd3	4	0.0032637	0.0008433	0.017404	33	3	-0.28531	0.93099	0.94717	1.0	641	0	0
Cmpk1	4	0.01242	0.0024806	0.037684	47	3	-0.36656	0.93117	0.94717	1.0	642	0	0
Etnk1	4	0.11718	0.041104	0.229286	128	2	-0.20036	0.93262	0.94717	1.0	643	0	0
Map2k7	4	0.81155	0.72196	0.963532	532	0	0	0.93422	0.94717	1.0	644	0	0
Rnasel	4	0.02875	0.0062384	0.066481	66	3	-0.17084	0.94	0.94717	1.0	645	0	0
Camkk1	4	0.054159	0.026014	0.18581	93	2	-0.22861	0.94033	0.94718	1.0	646	0	0
Ern1	4	0.26186	0.15639	0.474557	229	2	-0.15962	0.94227	0.94718	1.0	647	0	0
Stk31	4	0.55359	0.40077	0.745204	368	1	-0.16508	0.94291	0.94718	1.0	648	0	0
Ulk3	4	0.76988	0.65505	0.926154	500	0	0	0.9437	0.94718	1.0	649	0	0
Sphk2	4	0.39625	0.2409	0.565801	304	1	-0.18867	0.94632	0.94718	1.0	650	0	0
Fgfr1	4	0.11515	0.041104	0.229286	125	2	-0.79462	0.94662	0.94718	1.0	651	0	0
Trib3	4	0.0027872	0.00061644	0.014198	31	3	-0.40821	0.95212	0.95175	1.0	652	0	0
Tssk4	4	0.03181	0.0092762	0.094618	69	3	-0.26202	0.95281	0.95608	1.0	653	0	0
Pan3	4	0.73668	0.61722	0.920029	477	0	0	0.95349	0.95608	1.0	654	0	0
Mpp1	4	0.18322	0.078318	0.305607	170	2	-0.25977	0.95417	0.95608	1.0	655	0	0
Tex14	4	0.19712	0.096377	0.362213	184	2	-0.17766	0.95443	0.95609	1.0	656	0	0
Dyrk2	4	0.067722	0.033776	0.22079	104	3	-0.12529	0.95497	0.95609	1.0	657	0	0
Slamf6	4	0.02343	0.0052718	0.062735	59	3	-0.25362	0.9551	0.95609	1.0	658	0	0
Limk2	4	0.081158	0.035552	0.22079	110	2	-0.26015	0.95536	0.95609	1.0	659	0	0
Ip6k1	4	0.079589	0.035552	0.22079	109	2	-0.20323	0.95743	0.96009	1.0	660	0	0
Obscn	4	0.1537	0.070713	0.305607	147	2	-0.1943	0.95794	0.96009	1.0	661	0	0
Cdk1	4	0.40732	0.26135	0.575954	310	1	-0.55129	0.95857	0.9601	1.0	662	0	0
Ntrk2	4	0.24087	0.14228	0.447555	215	2	-0.15139	0.9598	0.9601	1.0	663	0	0
Gucy2d	4	0.23583	0.14228	0.447555	211	2	-0.16086	0.96112	0.96365	1.0	664	0	0
Map3k6	4	0.32248	0.20172	0.521828	276	1	-0.24762	0.96344	0.9702	1.0	665	0	0
Mtor	4	3.221e-06	4.9316e-06	0.00022	8	3	-0.95489	0.96511	0.97021	1.0	666	0	0
Camk1d	4	0.048942	0.01979	0.164306	86	3	-0.1573	0.96566	0.97021	1.0	667	0	0
Idnk	4	0.30778	0.20171	0.521828	263	2	-0.16997	0.96641	0.97021	1.0	668	0	0
Mast3	4	0.12338	0.045178	0.242534	132	1	-0.37945	0.97008	0.97571	1.0	669	0	0
Prkch	4	0.16777	0.070723	0.305607	159	2	-0.18262	0.97198	0.97571	1.0	670	0	0
Btk	4	0.2499	0.14229	0.447555	224	2	-0.15058	0.97263	0.97571	1.0	671	0	0
Stk40	4	0.051982	0.026014	0.18581	90	3	-0.21399	0.9729	0.97571	1.0	672	0	0
Wee2	4	0.13955	0.05009	0.253646	141	2	-0.21478	0.97397	0.97572	1.0	673	0	0
Tpr	4	1.8007e-07	4.9316e-06	0.00022	6	3	-1.5884	0.97493	0.97572	1.0	674	0	0
Hus1	4	0.016488	0.0031808	0.041293	52	3	-0.28164	0.97501	0.97572	1.0	675	0	0
Cdk11b	4	0.038997	0.012857	0.120784	76	3	-0.23717	0.97739	0.97572	1.0	676	0	0
Epha7	4	0.18555	0.078318	0.305607	174	1	-0.44473	0.9781	0.97796	1.0	677	0	0
Clk3	4	0.028081	0.0062285	0.066481	64	3	-0.19081	0.98365	0.9903	1.0	678	0	0
Stk35	4	0.008151	0.0021255	0.035293	43	3	-0.34921	0.98753	0.99529	1.0	679	0	0
Tie1	4	0.0032287	0.0008433	0.017404	32	3	-0.34043	0.98803	0.9953	1.0	680	0	0
Egfr	4	0.010499	0.0024707	0.037684	46	3	-0.39853	0.9923	0.99712	1.0	681	0	0
Papss1	4	0.058395	0.026024	0.18581	96	3	-0.18135	0.99292	0.99758	1.0	682	0	0
Pxk	4	0.042674	0.018123	0.15232	82	3	-0.16084	0.99377	0.99797	1.0	683	0	0
Cks1b	4	0.0056776	0.0017408	0.030316	41	4	-0.29162	0.99432	0.99829	1.0	684	0	0
Pnck	4	0.0053753	0.0013759	0.02456	40	4	-0.22752	0.99462	0.99865	1.0	685	0	0
Ak1	4	0.0047576	0.0013759	0.02456	38	4	-0.17282	0.99524	0.99865	1.0	686	0	0
Csnk2b	4	0.0047331	0.001366	0.02456	37	4	-0.34623	0.99527	0.99866	1.0	687	0	0
Phka1	4	0.0041502	0.001366	0.02456	36	4	-0.17926	0.99585	0.99866	1.0	688	0	0
Brd4	4	0.0035632	0.00085316	0.017404	35	4	-0.30225	0.99644	0.99918	1.0	689	0	0
Lats2	4	0.0033505	0.0008433	0.017404	34	4	-0.24295	0.99665	0.99918	1.0	690	0	0
Abl1	4	0.0022114	0.00049809	0.011854	29	4	-0.25978	0.99779	0.9995	1.0	691	0	0
Csnk2a2	4	0.0019349	0.00020219	0.005156	28	4	-0.1871	0.99807	0.9998	1.0	692	0	0
Chkb	4	0.0014204	0.00012329	0.00326	27	4	-0.19232	0.99858	0.99988	1.0	693	0	0
Pfkl	4	0.0013714	0.00012329	0.00326	26	4	-0.18719	0.99863	0.99988	1.0	694	0	0
Adck4	4	0.0013618	0.00012329	0.00326	25	4	-0.20601	0.99864	0.99988	1.0	695	0	0
Guk1	4	0.00082308	3.4521e-05	0.00112	22	4	-0.28784	0.99918	0.99997	1.0	696	0	0
Tgfbr1	4	0.00025807	4.9316e-06	0.00022	16	4	-0.39729	0.99923	0.99998	1.0	697	0	0
Csnk2a1	4	0.00058433	2.4658e-05	0.000838	20	4	-0.28896	0.99942	0.99998	1.0	698	0	0
Gtf2h1	4	0.00055434	2.4658e-05	0.000838	19	4	-0.52154	0.99945	0.99998	1.0	699	0	0
Riok1	4	0.00035049	1.4795e-05	0.000587	18	4	-0.30817	0.99965	0.99999	1.0	700	0	0
Fxn	4	0.0003368	1.4795e-05	0.000587	17	4	-0.36403	0.99966	0.99999	1.0	701	0	0
Dtymk	4	0.00013672	4.9316e-06	0.00022	13	4	-1.0244	0.99973	1.0	1.0	702	0	0
Tk1	4	0.00013951	4.9316e-06	0.00022	14	4	-0.362	0.99986	1.0	1.0	703	0	0
Tgfbr2	4	0.00013606	4.9316e-06	0.00022	12	4	-0.39421	0.99986	1.0	1.0	704	0	0
Smg1	4	4.7252e-05	4.9316e-06	0.00022	11	4	-0.59682	0.99995	1.0	1.0	705	0	0
Trim33	4	1.1981e-05	4.9316e-06	0.00022	10	4	-0.52296	0.99999	1.0	1.0	706	0	0
Pkm	4	8.9948e-06	4.9316e-06	0.00022	9	4	-0.56545	0.99999	1.0	1.0	707	0	0
Cdk9	4	2.5913e-08	4.9316e-06	0.00022	3	4	-2.3361	1.0	1.0	1.0	708	0	0
Lamtor3	4	2.5858e-07	4.9316e-06	0.00022	7	4	-0.77456	1.0	1.0	1.0	709	0	0
Lrpprc	4	7.3159e-08	4.9316e-06	0.00022	5	4	-0.94297	1.0	1.0	1.0	710	0	0
Clp1	4	5.1849e-08	4.9316e-06	0.00022	4	4	-1.1086	1.0	1.0	1.0	711	0	0
Trim28	4	4.7639e-09	4.9316e-06	0.00022	2	4	-0.80186	1.0	1.0	1.0	712	0	0
Cdk7	4	2.3602e-11	4.9316e-06	0.00022	1	4	-1.5392	1.0	1.0	1.0	713	0	0
